Koszt najtańszej ścieżki 9->...->2 o jej czasie wynoszącym maksymalnie 23: 8.0
Czas ścieżki: 23.0
Macierz zmiennych decyzyjnych: 
   0.0   0.0   0.0   0.0   0.0   0.0   0.0   0.0   0.0   0.0
   0.0   0.0   0.0   0.0   0.0   0.0   0.0   0.0   0.0   0.0
   0.0   0.0   0.0   0.0   0.0   0.0   0.0   0.0   0.0   0.0
   0.0   0.0   0.0   0.0   0.0   0.0   0.0   0.0   0.0   0.0
   0.0   1.0   0.0   0.0   0.0   0.0   0.0   0.0   0.0   0.0
   0.0   0.0   0.0   0.0   0.0   0.0   0.0   0.0   0.0   0.0
   0.0   0.0   0.0   0.0   0.0   0.0   0.0   0.0   0.0   0.0
   0.0   0.0   0.0   0.0   0.0   0.0   0.0   0.0   0.0   0.0
   0.0   0.0   0.0   0.0   0.0   0.0   0.0   0.0   0.0   1.0
   0.0   0.0   0.0   0.0   1.0   0.0   0.0   0.0   0.0   0.0

**********************
Koszt najtańszej ścieżki 9->...->2 o jej czasie wynoszącym maksymalnie 22: 9.0
Czas ścieżki: 22.0
Macierz zmiennych decyzyjnych: 
   0.0 0.143   0.0   0.0   0.0   0.0   0.0   0.0   0.0   0.0
   0.0   0.0   0.0   0.0   0.0   0.0   0.0   0.0   0.0   0.0
 0.143   0.0   0.0   0.0   0.0   0.0   0.0   0.0   0.0   0.0
   0.0   0.0   0.0   0.0   0.0   0.0   0.0   0.0   0.0   0.0
   0.0 0.857   0.0   0.0   0.0   0.0   0.0   0.0   0.0   0.0
   0.0   0.0   0.0   0.0   0.0   0.0   0.0   0.0   0.0   0.0
   0.0   0.0   0.0   0.0   0.0   0.0   0.0   0.0   0.0   0.0
   0.0   0.0   0.0   0.0   0.0   0.0   0.0   0.0   0.0   0.0
   0.0   0.0 0.143   0.0   0.0   0.0   0.0   0.0   0.0 0.857
   0.0   0.0   0.0   0.0 0.857   0.0   0.0   0.0   0.0   0.0

